HYPERPARAMETERS:
  batch_size: 32
  initial_lr: 0.001
  weight_decay: 1e-05
  dropout_rate: 0.5
  early_stopping_patience: 7
  max_epochs: 50
  actual_epochs: 33

PERFORMANCE:
  test_accuracy: 91.41583054626533
  test_loss: 0.27182579400210544
  val_accuracy: 93.58437935843794
  val_loss: 0.2347250499398164

