feature_type: chroma

HYPERPARAMETERS:
  batch_size: 32
  initial_lr: 0.001
  weight_decay: 1e-05
  dropout_rate: 0.5
  early_stopping_patience: 7
  max_epochs: 50
  actual_epochs: 11

PERFORMANCE:
  test_accuracy: 48.16053511705686
  test_loss: 1.36641656941381
  val_accuracy: 52.02231520223152
  val_loss: 2.141474858574245
  training_time: 130.66585326194763

