feature_type: spectral_contrast

HYPERPARAMETERS:
  batch_size: 32
  initial_lr: 0.001
  weight_decay: 1e-05
  dropout_rate: 0.5
  early_stopping_patience: 7
  max_epochs: 50
  actual_epochs: 11

PERFORMANCE:
  test_accuracy: 43.03232998885173
  test_loss: 1.4002927192326249
  val_accuracy: 42.67782426778243
  val_loss: 2.279022621071857
  training_time: 99.52557015419006

