feature_type: rms

HYPERPARAMETERS:
  batch_size: 32
  initial_lr: 0.001
  weight_decay: 1e-05
  dropout_rate: 0.5
  early_stopping_patience: 7
  max_epochs: 50
  actual_epochs: 16

PERFORMANCE:
  test_accuracy: 34.33667781493868
  test_loss: 1.5830119457738152
  val_accuracy: 31.10181311018131
  val_loss: 2.2726684083109316
  training_time: 755.9307661056519

