feature_type: spectrogram

HYPERPARAMETERS:
  batch_size: 32
  initial_lr: 0.001
  weight_decay: 1e-05
  dropout_rate: 0.5
  early_stopping_patience: 7
  max_epochs: 50
  actual_epochs: 32

PERFORMANCE:
  test_accuracy: 86.51059085841695
  test_loss: 0.407138651814954
  val_accuracy: 85.63458856345886
  val_loss: 0.4926771709452505
  training_time: 14884.568313121796

