feature_type: zcr

HYPERPARAMETERS:
  batch_size: 32
  initial_lr: 0.001
  weight_decay: 1e-05
  dropout_rate: 0.5
  early_stopping_patience: 7
  max_epochs: 50
  actual_epochs: 19

PERFORMANCE:
  test_accuracy: 27.870680044593087
  test_loss: 1.6792905597851193
  val_accuracy: 24.825662482566248
  val_loss: 2.378025526585786
  training_time: 866.0402431488037

