feature_type: tonnetz

HYPERPARAMETERS:
  batch_size: 32
  initial_lr: 0.001
  weight_decay: 1e-05
  dropout_rate: 0.5
  early_stopping_patience: 7
  max_epochs: 50
  actual_epochs: 11

PERFORMANCE:
  test_accuracy: 36.56633221850613
  test_loss: 1.567297179123451
  val_accuracy: 36.40167364016737
  val_loss: 2.6082174207853233
  training_time: 401.70478677749634

