feature_type: melspectrogram

HYPERPARAMETERS:
  batch_size: 32
  initial_lr: 0.001
  weight_decay: 1e-05
  dropout_rate: 0.5
  early_stopping_patience: 7
  max_epochs: 50
  actual_epochs: 26

PERFORMANCE:
  test_accuracy: 91.97324414715719
  test_loss: 0.2710468032278656
  val_accuracy: 92.05020920502092
  val_loss: 0.2747079116170821
  training_time: 1419.4483230113983

