feature_type: tempogram

HYPERPARAMETERS:
  batch_size: 32
  initial_lr: 0.001
  weight_decay: 1e-05
  dropout_rate: 0.5
  early_stopping_patience: 7
  max_epochs: 50
  actual_epochs: 33

PERFORMANCE:
  test_accuracy: 26.309921962095874
  test_loss: 1.746419516103021
  val_accuracy: 23.570432357043234
  val_loss: 1.8564630539520928
  training_time: 4864.870265960693

