HYPERPARAMETERS:
  batch_size: 32
  initial_lr: 0.001
  weight_decay: 1e-05
  dropout_rate: 0.5
  early_stopping_patience: 7
  max_epochs: 50
  actual_epochs: 39

PERFORMANCE:
  test_accuracy: 91.30434782608695
  test_loss: 0.2591142062226246
  val_accuracy: 93.02649930264992
  val_loss: 0.23356863890734056

