feature_type: rms

HYPERPARAMETERS:
  batch_size: 32
  initial_lr: 0.001
  weight_decay: 1e-05
  dropout_rate: 0.5
  early_stopping_patience: 7
  max_epochs: 50
  actual_epochs: 16

PERFORMANCE:
  test_accuracy: 36.56633221850613
  test_loss: 1.5879296516549999
  val_accuracy: 24.825662482566248
  val_loss: 2.801977064298547
  training_time: 825.3724799156189

