feature_type: delta_mfcc

HYPERPARAMETERS:
  batch_size: 32
  initial_lr: 0.001
  weight_decay: 1e-05
  dropout_rate: 0.5
  early_stopping_patience: 7
  max_epochs: 50
  actual_epochs: 8

PERFORMANCE:
  test_accuracy: 37.792642140468224
  test_loss: 1.4647358691897885
  val_accuracy: 58.298465829846585
  val_loss: 2.04555156438247
  training_time: 252.20157051086426

