chroma: 0.06644435326531571
hpss: 0.9107569550094782
melspectrogram: 0.03346146518584171
mfcc: 0.07064311434205794
tempogram: 0.2252713266640483
