chroma: 0.038579466065655904
melspectrogram: 0.5798511290004849
mfcc: 0.7471522741026703
